t,1516004600680,11300.0,0.007628
t,1516004600680,11300.0,0.0022
t,1516004600680,11300.0,4.6946E-4
t,1516004600680,11300.0,0.04355091
t,1516004600680,11300.0,4.6946E-4
t,1516004600680,11300.0,4.6946E-4
t,1516004600680,11300.0,0.0022
t,1516004600680,11300.0,0.0022
t,1516004600680,11300.0,4.6946E-4
t,1516004600680,11300.0,1.375E-4
t,1516004600680,11300.0,4.6946E-4
t,1516004600680,11300.0,4.6946E-4
t,1516004600680,11300.0,4.6946E-4
t,1516004600680,11300.0,4.6946E-4
t,1516004600680,11300.0,4.6946E-4
t,1516004600680,11300.0,4.6946E-4
t,1516004600680,11300.0,4.6946E-4
t,1516004600680,11300.0,1.1322E-4
t,1516004600680,11300.0,4.6946E-4
t,1516004600680,11300.0,4.6946E-4
t,1516004600680,11300.0,0.00212084
t,1516004600680,11300.0,1.7488E-4
t,1516004600680,11300.0,4.6946E-4
t,1516004600680,11300.0,4.6946E-4
t,1516004600680,11300.0,4.6946E-4
t,1516004600680,11300.0,4.6946E-4
t,1516004600680,11300.0,4.6946E-4
t,1516004600680,11300.0,4.6946E-4
t,1516004600680,11300.0,4.6946E-4
t,1516004600680,11300.0,4.6946E-4
t,1516004600680,11300.0,2.2646E-4
t,1516004600680,11300.0,0.01958953
t,1516004601198,11300.0,7.1047E-4
t,1516004601198,11300.0,0.00928953
t,1516004605455,11299.99,0.02
t,1516004605581,11300.0,0.01101047
t,1516004605581,11300.0,0.0203
t,1516004605581,11300.0,0.00845028
t,1516004605581,11300.0,0.0203
t,1516004605581,11300.0,0.017798
t,1516004605581,11300.01,0.10268732
t,1516004605581,11300.1,0.001594
t,1516004605581,11300.1,0.001594
t,1516004605581,11300.1,0.001594
t,1516004605581,11300.8,0.001594
t,1516004605581,11300.99,0.55307793
t,1516004607958,11300.02,0.03284073
t,1516004607958,11300.97,0.03284073
t,1516004607958,11300.99,1.05793157
t,1516004607958,11301.0,0.62638697
t,1516004610528,11300.46,0.001977
t,1516004610528,11300.65,0.018023
t,1516004610673,11300.06,0.015
t,1516004610673,11299.98,0.005
t,1516004610673,11299.89,0.01001111
t,1516004610673,11295.59,0.00998889
t,1516004625399,11300.24,0.01609983
t,1516004625399,11300.24,0.01390017
t,1516004627275,11300.24,0.00219966
t,1516004627275,11300.24,0.004615
t,1516004627275,11300.24,0.02605642
t,1516004627275,11300.25,0.01609983
t,1516004627275,11301.0,0.01102909
t,1516004631611,11300.24,0.00643994
t,1516004631611,11301.0,0.00356006
t,1516004653356,11301.0,0.02
t,1516004653409,11301.0,0.01
t,1516004657321,11300.5,0.01
t,1516004658358,11300.98,0.00143292
t,1516004658358,11300.99,0.00143292
t,1516004658358,11301.0,0.00713416
t,1516004661594,11300.99,0.00429876
t,1516004661594,11301.0,0.02570124
t,1516004915994,11301.0,0.07
t,1516004919008,11301.0,0.02
t,1516004919381,11301.0,0.02
t,1516004920419,11301.0,0.02
t,1516004924185,11301.0,0.01
t,1516004930030,11300.0,-0.06942041
t,1516004931931,11300.0,0.01
t,1516004933543,11299.79,-0.01
